epoch train_acc1 train_acc2 test_acc1 test_acc2
0 0 0 8.323317307692308 10.526842948717949
1 26.770833333333332 26.955128205128204 39.453125 41.716746794871796
2 33.68189102564103 34.33092948717949 43.30929487179487 44.29086538461539
3 36.560496794871796 37.16346153846154 48.13701923076923 50.75120192307692
4 37.87259615384615 39.00240384615385 49.43910256410256 52.6943108974359
5 39.11057692307692 40.59094551282051 50.93149038461539 53.806089743589745
6 39.899839743589745 41.40224358974359 52.61418269230769 53.4755608974359
7 40.905448717948715 41.94310897435897 54.89783653846154 56.17988782051282
8 41.252003205128204 42.209535256410255 54.85777243589744 57.05128205128205
9 41.86097756410256 43.17908653846154 56.25 56.40024038461539
10 42.67227564102564 43.76001602564103 56.08974358974359 56.83092948717949
11 43.024839743589745 43.62379807692308 56.78084935897436 57.341746794871796
12 43.37540064102564 44.142628205128204 57.09134615384615 58.673878205128204
13 44.12660256410256 44.71554487179487 56.85096153846154 60.03605769230769
14 44.19871794871795 44.97596153846154 58.21314102564103 59.83573717948718
15 44.43910256410256 45.02403846153846 58.673878205128204 59.92588141025641
16 44.61338141025641 45.53285256410256 58.03285256410256 60.30649038461539
17 44.997996794871796 45.48878205128205 58.99439102564103 59.14463141025641
18 45.17227564102564 45.96554487179487 60.436698717948715 59.40504807692308
19 45.37259615384615 46.08173076923077 60.51682692307692 59.99599358974359
20 42.68629807692308 42.80248397435897 53.125 53.13501602564103
21 42.990785256410255 42.97676282051282 56.350160256410255 55.78926282051282
22 43.0088141025641 43.53966346153846 54.3369391025641 55.19831730769231
23 43.54567307692308 43.54967948717949 55.76923076923077 56.85096153846154
24 43.97636217948718 44.00240384615385 57.80248397435897 56.46033653846154
25 44.08052884615385 44.48918269230769 56.40024038461539 59.094551282051285
26 44.18870192307692 44.29286858974359 58.18309294871795 58.64383012820513
27 44.611378205128204 44.74959935897436 58.703926282051285 59.01442307692308
28 44.39903846153846 44.94991987179487 59.10456730769231 59.58533653846154
29 44.9619391025641 44.87179487179487 59.3349358974359 59.03445512820513
30 44.95192307692308 44.98597756410256 56.139823717948715 59.61538461538461
31 44.93589743589744 45.16225961538461 57.8125 58.102964743589745
32 45.22035256410256 45.47876602564103 59.294871794871796 60.49679487179487
33 45.24439102564103 45.130208333333336 58.5536858974359 58.35336538461539
34 45.51883012820513 45.63100961538461 60.17628205128205 58.2431891025641
35 45.38461538461539 45.41866987179487 60.15625 59.00440705128205
36 45.63501602564103 45.783253205128204 60.5068108974359 61.86899038461539
37 45.76322115384615 45.651041666666664 60.76722756410256 58.17307692307692
38 45.935496794871796 45.83533653846154 59.05448717948718 59.35496794871795
39 45.803285256410255 46.02363782051282 59.13461538461539 61.39823717948718
40 45.95352564102564 45.79527243589744 60.18629807692308 58.57371794871795
41 46.03365384615385 46.223958333333336 59.36498397435897 60.13621794871795
42 45.80929487179487 46.17788461538461 59.485176282051285 59.32491987179487
43 46.53445512820513 46.017628205128204 61.48838141025641 60.77724358974359
44 46.2900641025641 45.87940705128205 60.79727564102564 60.1161858974359
45 46.26802884615385 46.70873397435897 59.455128205128204 61.50841346153846
46 46.432291666666664 46.11778846153846 60.24639423076923 59.62540064102564
47 46.27403846153846 46.17788461538461 61.71875 60.30649038461539
48 46.47836538461539 46.203926282051285 60.627003205128204 61.89903846153846
49 46.50240384615385 46.69871794871795 60.86738782051282 61.95913461538461
50 46.58253205128205 46.44030448717949 59.77564102564103 60.55689102564103
51 46.40224358974359 46.42227564102564 60.026041666666664 61.618589743589745
52 46.49839743589744 46.458333333333336 59.55528846153846 59.16466346153846
53 46.638621794871796 46.20192307692308 60.95753205128205 60.9775641025641
54 46.955128205128204 46.83293269230769 60.12620192307692 59.40504807692308
55 47.00320512820513 46.750801282051285 61.29807692307692 60.87740384615385
56 46.61658653846154 46.720753205128204 61.328125 61.13782051282051
57 46.91907051282051 46.99519230769231 60.35657051282051 60.94751602564103
58 47.29366987179487 46.94511217948718 61.49839743589744 61.68870192307692
59 47.375801282051285 46.83293269230769 59.78565705128205 61.54847756410256
60 47.28966346153846 46.8349358974359 62.15945512820513 62.30969551282051
61 47.28165064102564 47.141426282051285 59.52524038461539 61.86899038461539
62 47.23557692307692 47.185496794871796 60.30649038461539 61.979166666666664
63 47.33774038461539 47.17948717948718 59.85576923076923 60.076121794871796
64 47.03926282051282 47.00320512820513 61.6786858974359 60.99759615384615
65 47.27964743589744 47.447916666666664 59.55528846153846 60.37660256410256
66 47.317708333333336 46.94911858974359 62.07932692307692 60.546875
67 47.34975961538461 47.49599358974359 61.59855769230769 61.50841346153846
68 47.17347756410256 47.155448717948715 60.86738782051282 62.209535256410255
69 47.399839743589745 47.423878205128204 60.5068108974359 59.99599358974359
70 47.473958333333336 47.19350961538461 61.39823717948718 60.9375
71 47.35376602564103 47.09535256410256 63.13100961538461 61.71875
72 47.87059294871795 47.497996794871796 61.247996794871796 59.52524038461539
73 47.58213141025641 47.60616987179487 62.12940705128205 62.32972756410256
74 47.522035256410255 47.25360576923077 62.1494391025641 60.466746794871796
75 47.73036858974359 47.48798076923077 62.51001602564103 61.818910256410255
76 47.69030448717949 47.6943108974359 61.98918269230769 62.27964743589744
77 47.59014423076923 47.59615384615385 62.5400641025641 61.98918269230769
78 47.7724358974359 47.34375 59.78565705128205 61.31810897435897
79 47.74038461538461 47.58413461538461 61.47836538461539 63.782051282051285
80 47.51802884615385 47.50801282051282 60.026041666666664 61.73878205128205
81 47.732371794871796 47.92668269230769 60.95753205128205 62.37980769230769
82 47.67628205128205 47.502003205128204 62.35977564102564 61.73878205128205
83 47.97876602564103 47.79246794871795 61.15785256410256 62.209535256410255
84 47.58213141025641 47.73036858974359 62.1494391025641 60.24639423076923
85 47.74639423076923 47.58613782051282 61.618589743589745 63.591746794871796
86 47.88461538461539 47.58213141025641 62.31971153846154 62.74038461538461
87 47.756410256410255 47.760416666666664 61.76883012820513 60.88741987179487
88 48.05488782051282 48.09094551282051 63.13100961538461 61.27804487179487
89 47.942708333333336 47.96073717948718 61.067708333333336 62.96073717948718
90 48.34535256410256 47.95873397435897 62.59014423076923 63.6318108974359
91 48.24519230769231 48.22115384615385 62.42988782051282 61.89903846153846
92 48.279246794871796 47.95272435897436 62.17948717948718 61.16786858974359
93 48.42548076923077 48.36738782051282 62.75040064102564 63.68189102564103
94 48.64783653846154 48.23717948717949 59.665464743589745 61.77884615384615
95 48.57972756410256 48.14102564102564 63.03084935897436 63.65184294871795
96 48.547676282051285 48.38942307692308 62.40985576923077 62.56009615384615
97 48.415464743589745 48.30929487179487 62.55008012820513 61.3681891025641
98 48.782051282051285 48.4775641025641 61.57852564102564 61.979166666666664
99 48.64182692307692 48.52564102564103 63.151041666666664 62.84054487179487
100 48.880208333333336 48.64182692307692 61.848958333333336 61.65865384615385
101 48.76402243589744 48.45152243589744 60.56690705128205 62.109375
102 48.82011217948718 48.87219551282051 61.77884615384615 61.89903846153846
103 48.93629807692308 48.7900641025641 62.51001602564103 61.29807692307692
104 49.05248397435897 48.77003205128205 62.95072115384615 64.30288461538461
105 48.88221153846154 49.138621794871796 63.60176282051282 62.87059294871795
106 48.71394230769231 48.76001602564103 63.411458333333336 61.91907051282051
107 49.11658653846154 49.02043269230769 63.21113782051282 63.591746794871796
108 48.82211538461539 49.166666666666664 63.89222756410256 62.219551282051285
109 49.23076923076923 49.07852564102564 63.30128205128205 63.62179487179487
110 49.46915064102564 49.02644230769231 63.151041666666664 61.87900641025641
111 49.30889423076923 48.97836538461539 63.48157051282051 61.09775641025641
112 49.264823717948715 49.42508012820513 62.29967948717949 64.03245192307692
113 49.51722756410256 49.49519230769231 64.7235576923077 63.43149038461539
114 49.32491987179487 49.63741987179487 63.47155448717949 63.22115384615385
115 49.61338141025641 49.372996794871796 62.0693108974359 62.86057692307692
116 48.89423076923077 49.37099358974359 63.68189102564103 62.65024038461539
117 49.15865384615385 49.36698717948718 63.391426282051285 62.95072115384615
118 49.641426282051285 49.739583333333336 63.88221153846154 64.08253205128206
119 49.44110576923077 49.46314102564103 62.810496794871796 64.60336538461539
120 49.5713141025641 49.73157051282051 64.0625 63.541666666666664
121 49.63341346153846 49.44711538461539 64.59334935897436 65.17427884615384
122 49.95793269230769 49.65344551282051 63.16105769230769 64.42307692307692
123 49.82972756410256 49.97596153846154 64.09254807692308 64.17267628205128
124 50.07411858974359 49.93990384615385 64.28285256410257 64.24278846153847
125 50.16626602564103 49.65945512820513 64.24278846153847 64.63341346153847
126 49.82371794871795 49.71754807692308 64.1826923076923 64.35296474358974
127 49.83373397435897 49.8036858974359 65.08413461538461 64.82371794871794
128 50.104166666666664 49.95192307692308 64.3729967948718 65.10416666666667
129 50.09615384615385 50.232371794871796 63.72195512820513 64.28285256410257
130 50.17027243589744 50.01001602564103 64.54326923076923 65.36458333333333
131 50.21033653846154 50.61899038461539 63.74198717948718 64.23277243589743
132 50.1963141025641 50.28245192307692 64.74358974358974 64.54326923076923
133 50.20633012820513 50.32251602564103 64.27283653846153 65.40464743589743
134 50.21834935897436 50.36658653846154 65.1141826923077 64.83373397435898
135 50.43469551282051 50.212339743589745 65.24439102564102 64.65344551282051
136 50.43269230769231 50.338541666666664 65.03405448717949 65.234375
137 50.47475961538461 50.66105769230769 64.9639423076923 65.84535256410257
138 50.56690705128205 50.40264423076923 65.02403846153847 64.82371794871794
139 50.59495192307692 50.56089743589744 65.06410256410257 64.38301282051282
140 50.60697115384615 50.54086538461539 65.06410256410257 64.7636217948718
141 50.61498397435897 50.85136217948718 64.52323717948718 64.65344551282051
142 50.82331730769231 50.544871794871796 65.32451923076923 65.46474358974359
143 50.81730769230769 50.69911858974359 65.57491987179488 64.1426282051282
144 51.15785256410256 50.85336538461539 65.96554487179488 64.46314102564102
145 51.115785256410255 50.79126602564103 65.234375 65.41466346153847
146 51.08573717948718 51.00761217948718 65.21434294871794 66.0556891025641
147 51.00560897435897 50.807291666666664 64.5733173076923 65.18429487179488
148 51.0536858974359 51.12179487179487 64.26282051282051 64.90384615384616
149 51.01161858974359 51.26602564102564 65.03405448717949 65.43469551282051
150 51.28405448717949 51.23197115384615 65.48477564102564 66.10576923076923
151 50.97155448717949 51.42027243589744 64.25280448717949 65.63501602564102
152 51.18189102564103 51.18990384615385 64.93389423076923 64.91386217948718
153 51.061698717948715 51.39423076923077 66.015625 66.3261217948718
154 51.33814102564103 51.44831730769231 65.48477564102564 65.65504807692308
155 51.45032051282051 51.40024038461539 64.79366987179488 65.77524038461539
156 51.40024038461539 51.37620192307692 65.61498397435898 66.015625
157 51.12780448717949 51.31610576923077 64.73357371794872 66.38621794871794
158 51.44230769230769 51.41826923076923 65.48477564102564 65.53485576923077
159 51.36217948717949 51.560496794871796 65.65504807692308 65.82532051282051
160 51.61658653846154 51.8369391025641 65.20432692307692 66.0957532051282
161 51.57852564102564 51.51442307692308 65.99559294871794 65.56490384615384
162 52.0693108974359 51.452323717948715 66.0556891025641 66.17588141025641
163 51.69471153846154 51.54246794871795 66.03565705128206 66.2860576923077
164 51.67467948717949 52.05528846153846 65.6650641025641 65.96554487179488
165 51.666666666666664 51.692708333333336 65.63501602564102 65.45472756410257
166 52.03125 52.03525641025641 65.41466346153847 65.57491987179488
167 51.8349358974359 51.71474358974359 66.26602564102564 66.3261217948718
168 52.03125 52.27564102564103 65.5849358974359 65.9755608974359
169 51.98717948717949 51.73076923076923 66.07572115384616 66.21594551282051
170 51.63060897435897 51.71073717948718 65.91546474358974 66.47636217948718
171 52.17548076923077 52.20152243589744 66.08573717948718 66.7568108974359
172 52.14342948717949 51.955128205128204 66.37620192307692 67.34775641025641
173 51.96714743589744 51.86698717948718 66.10576923076923 66.98717948717949
174 52.057291666666664 52.07331730769231 65.91546474358974 66.31610576923077
175 52.189503205128204 52.02524038461539 66.38621794871794 66.25600961538461
176 52.219551282051285 52.21554487179487 66.16586538461539 66.43629807692308
177 52.16947115384615 52.28966346153846 66.03565705128206 66.51642628205128
178 52.43189102564103 52.42988782051282 66.11578525641026 66.8369391025641
179 52.20152243589744 52.42988782051282 66.0556891025641 66.64663461538461
180 52.546073717948715 52.443910256410255 66.23597756410257 67.08733974358974
181 52.40184294871795 52.22355769230769 66.04567307692308 66.51642628205128
182 52.4619391025641 52.53605769230769 65.67508012820512 66.56650641025641
183 52.580128205128204 52.600160256410255 66.20592948717949 66.33613782051282
184 52.421875 52.447916666666664 66.3661858974359 66.33613782051282
185 52.80448717948718 52.6181891025641 66.49639423076923 66.66666666666667
186 52.634214743589745 52.6181891025641 66.14583333333333 66.70673076923077
187 52.71634615384615 52.702323717948715 66.77684294871794 66.33613782051282
188 52.760416666666664 52.844551282051285 66.51642628205128 66.24599358974359
189 52.51201923076923 52.71634615384615 66.3261217948718 66.64663461538461
190 52.88060897435897 52.912660256410255 66.76682692307692 66.55649038461539
191 52.630208333333336 52.74839743589744 66.37620192307692 67.34775641025641
192 52.44591346153846 52.80448717948718 66.72676282051282 66.69671474358974
193 52.74439102564103 52.95673076923077 66.49639423076923 66.64663461538461
194 52.75440705128205 53.00480769230769 66.5264423076923 67.11738782051282
195 52.80649038461539 52.99879807692308 66.73677884615384 67.09735576923077
196 52.67227564102564 52.90464743589744 66.50641025641026 66.99719551282051
197 52.712339743589745 53.07692307692308 66.5264423076923 66.88701923076923
198 53.0068108974359 53.08894230769231 66.72676282051282 67.00721153846153
199 53.024839743589745 52.966746794871796 66.69671474358974 66.99719551282051
