epoch train_acc1 train_acc2 test_acc1 test_acc2
0 0 0 10.076121794871796 11.207932692307692
1 25.741185897435898 28.287259615384617 37.11939102564103 40.134214743589745
2 37.8505608974359 38.796073717948715 45.08213141025641 45.75320512820513
3 43.53966346153846 42.79246794871795 50.16025641025641 46.27403846153846
4 46.33213141025641 45.07211538461539 52.50400641025641 49.719551282051285
5 48.76802884615385 47.107371794871796 53.06490384615385 51.53245192307692
6 50.16426282051282 48.98036858974359 55.26842948717949 52.34375
7 51.530448717948715 50.21834935897436 56.81089743589744 54.30689102564103
8 52.82051282051282 51.85697115384615 57.942708333333336 55.568910256410255
9 53.89623397435897 52.92467948717949 57.942708333333336 55.729166666666664
10 54.81370192307692 53.94230769230769 58.723958333333336 56.78084935897436
11 55.55889423076923 54.817708333333336 59.64543269230769 57.17147435897436
12 56.516426282051285 55.47676282051282 59.8056891025641 56.87099358974359
13 57.15945512820513 56.115785256410255 60.15625 58.693910256410255
14 57.74439102564103 57.03125 58.29326923076923 57.72235576923077
15 58.35336538461539 57.86057692307692 60.63701923076923 59.17467948717949
16 59.22275641025641 58.42147435897436 60.06610576923077 57.942708333333336
17 59.44310897435897 59.30088141025641 61.41826923076923 59.895833333333336
18 60.076121794871796 59.74759615384615 60.95753205128205 59.78565705128205
19 60.62099358974359 60.40865384615385 61.23798076923077 60.22636217948718
20 56.76883012820513 56.3681891025641 57.95272435897436 57.47195512820513
21 57.868589743589745 57.54407051282051 57.98277243589744 58.56370192307692
22 58.78605769230769 58.53165064102564 59.7255608974359 57.84254807692308
23 59.39102564102564 59.030448717948715 60.40665064102564 58.44350961538461
24 59.763621794871796 59.93790064102564 59.77564102564103 58.08293269230769
25 60.73717948717949 60.99759615384615 59.8056891025641 58.06290064102564
26 61.18589743589744 61.10777243589744 59.00440705128205 58.61378205128205
27 61.588541666666664 61.54647435897436 60.266426282051285 58.36338141025641
28 62.13741987179487 62.17548076923077 58.95432692307692 59.635416666666664
29 62.63822115384615 62.51602564102564 60.98758012820513 59.375
30 63.05288461538461 63.259214743589745 60.40665064102564 58.64383012820513
31 63.337339743589745 63.16706730769231 59.485176282051285 58.26322115384615
32 63.7119391025641 63.826121794871796 58.854166666666664 59.264823717948715
33 63.86418269230769 64.25080128205128 59.67548076923077 59.62540064102564
34 64.16466346153847 64.46714743589743 60.27644230769231 60.1161858974359
35 65.13020833333333 64.78165064102564 60.73717948717949 58.79407051282051
36 65.05809294871794 65.26442307692308 60.34655448717949 59.30488782051282
37 65.52283653846153 65.56089743589743 59.655448717948715 59.3349358974359
38 65.61899038461539 65.99559294871794 60.08613782051282 57.54206730769231
39 65.75320512820512 66.03165064102564 60.647035256410255 59.49519230769231
40 66.2900641025641 66.2079326923077 60.69711538461539 57.8125
41 66.35216346153847 66.61258012820512 59.44511217948718 59.31490384615385
42 66.62660256410257 66.875 60.73717948717949 59.0244391025641
43 67.15745192307692 67.57011217948718 60.45673076923077 59.635416666666664
44 67.39783653846153 67.67828525641026 60.49679487179487 58.64383012820513
45 67.49198717948718 67.84054487179488 60.827323717948715 59.15464743589744
46 67.67628205128206 68.0829326923077 59.94591346153846 58.73397435897436
47 67.92467948717949 68.25320512820512 60.94751602564103 58.6338141025641
48 68.27524038461539 68.18309294871794 60.18629807692308 58.02283653846154
49 68.30929487179488 68.77604166666667 60.99759615384615 59.40504807692308
50 68.70392628205128 68.98036858974359 59.475160256410255 59.23477564102564
51 68.73597756410257 69.31891025641026 60.27644230769231 59.77564102564103
52 69.0645032051282 69.24278846153847 61.037660256410255 59.084535256410255
53 69.2568108974359 69.72155448717949 59.4150641025641 58.38341346153846
54 68.98036858974359 69.4931891025641 60.86738782051282 59.274839743589745
55 69.8818108974359 69.96594551282051 60.1963141025641 57.97275641025641
56 70.12820512820512 70.1181891025641 60.68709935897436 59.19471153846154
57 70.05608974358974 70.4326923076923 60.857371794871796 59.475160256410255
58 70.08413461538461 70.59895833333333 61.02764423076923 58.77403846153846
59 70.4286858974359 70.80929487179488 60.256410256410255 59.38501602564103
60 70.69711538461539 71.0917467948718 60.627003205128204 59.18469551282051
61 70.56490384615384 71.20192307692308 61.197916666666664 59.25480769230769
62 70.28445512820512 71.15384615384616 59.8056891025641 58.92427884615385
63 70.9354967948718 71.3261217948718 60.77724358974359 58.92427884615385
64 70.92147435897436 71.2880608974359 60.546875 59.375
65 70.9775641025641 71.49038461538461 60.74719551282051 58.874198717948715
66 71.16786858974359 71.2920673076923 61.00761217948718 58.35336538461539
67 71.0576923076923 72.08733974358974 60.5869391025641 57.97275641025641
68 71.67067307692308 71.88902243589743 60.48677884615385 59.064503205128204
69 71.5224358974359 72.28165064102564 60.15625 58.303285256410255
70 72.09334935897436 72.2636217948718 60.60697115384615 59.0244391025641
71 71.86097756410257 72.109375 60.046073717948715 58.18309294871795
72 71.94511217948718 72.48998397435898 60.71714743589744 58.59375
73 72.28766025641026 72.59415064102564 59.58533653846154 58.60376602564103
74 72.20352564102564 72.79447115384616 58.62379807692308 58.723958333333336
75 72.02123397435898 73.15504807692308 59.44511217948718 58.463541666666664
76 72.41386217948718 73.01482371794872 60.71714743589744 58.50360576923077
77 72.47395833333333 73.10496794871794 60.33653846153846 58.68389423076923
78 72.91266025641026 73.1610576923077 60.30649038461539 58.703926282051285
79 72.63221153846153 73.14703525641026 60.17628205128205 58.37339743589744
80 71.66666666666667 72.6963141025641 59.38501602564103 58.18309294871795
81 72.04527243589743 72.6943108974359 59.765625 58.06290064102564
82 72.1895032051282 72.77844551282051 59.69551282051282 57.10136217948718
83 72.03525641025641 72.92467948717949 60.48677884615385 58.5536858974359
84 72.38782051282051 72.78846153846153 60.45673076923077 57.502003205128204
85 72.56610576923077 73.33733974358974 59.73557692307692 58.37339743589744
86 72.78645833333333 73.45953525641026 59.74559294871795 58.2431891025641
87 72.6963141025641 73.7079326923077 60.08613782051282 58.58373397435897
88 72.84254807692308 73.62179487179488 59.15464743589744 57.37179487179487
89 73.07291666666667 73.6698717948718 59.455128205128204 58.78405448717949
90 73.39142628205128 73.79407051282051 59.765625 57.912660256410255
91 73.41346153846153 74.03245192307692 59.655448717948715 58.01282051282051
92 73.125 74.35296474358974 57.04126602564103 58.66386217948718
93 73.61177884615384 74.52524038461539 60.34655448717949 58.673878205128204
94 73.80008012820512 74.27083333333333 60.01602564102564 58.14302884615385
95 73.6698717948718 74.77764423076923 60.026041666666664 58.13301282051282
96 74.1005608974359 74.46915064102564 58.56370192307692 58.5536858974359
97 74.08453525641026 75.16426282051282 59.83573717948718 58.42347756410256
98 74.16466346153847 75.2323717948718 60.12620192307692 58.06290064102564
99 74.31690705128206 75.0380608974359 59.61538461538461 57.76241987179487
100 74.6514423076923 75.08213141025641 59.62540064102564 57.64222756410256
101 74.43709935897436 75.4707532051282 59.18469551282051 58.58373397435897
102 74.66746794871794 75.72315705128206 59.00440705128205 58.092948717948715
103 75.09415064102564 75.67908653846153 60.14623397435897 57.33173076923077
104 75.01001602564102 76.04166666666667 60.046073717948715 58.23317307692308
105 75.56089743589743 76.1358173076923 59.81570512820513 58.26322115384615
106 75.45272435897436 76.33213141025641 59.765625 58.26322115384615
107 75.48277243589743 76.18990384615384 58.513621794871796 58.73397435897436
108 75.64903846153847 76.30809294871794 60.026041666666664 58.36338141025641
109 75.96955128205128 76.57451923076923 59.685496794871796 58.42347756410256
110 76.00761217948718 76.55448717948718 59.475160256410255 58.37339743589744
111 75.5889423076923 76.62059294871794 58.14302884615385 57.49198717948718
112 76.28205128205128 76.82892628205128 59.23477564102564 58.1630608974359
113 76.51241987179488 77.24759615384616 59.38501602564103 58.483573717948715
114 76.4483173076923 77.16346153846153 59.655448717948715 58.122996794871796
115 76.61057692307692 77.31169871794872 59.53525641025641 58.56370192307692
116 76.58253205128206 77.46594551282051 59.56530448717949 57.95272435897436
117 76.89503205128206 77.6141826923077 59.685496794871796 58.2431891025641
118 76.96314102564102 77.70432692307692 59.58533653846154 58.884214743589745
119 77.11338141025641 77.7724358974359 59.7255608974359 58.854166666666664
120 77.2295673076923 77.91065705128206 59.14463141025641 57.95272435897436
121 77.28966346153847 77.97876602564102 57.88261217948718 57.88261217948718
122 77.34975961538461 77.92267628205128 59.53525641025641 58.81410256410256
123 77.51602564102564 78.3233173076923 59.35496794871795 57.67227564102564
124 77.53205128205128 78.5576923076923 59.58533653846154 58.80408653846154
125 78.0108173076923 78.54366987179488 58.493589743589745 57.4619391025641
126 77.67227564102564 78.57171474358974 59.865785256410255 58.21314102564103
127 77.8505608974359 78.64182692307692 59.455128205128204 58.52363782051282
128 78.07692307692308 78.74599358974359 59.40504807692308 57.95272435897436
129 78.17708333333333 78.92027243589743 58.97435897435897 58.71394230769231
130 78.48157051282051 79.02844551282051 59.49519230769231 58.303285256410255
131 78.39142628205128 79.09054487179488 59.51522435897436 58.04286858974359
132 78.34334935897436 79.15464743589743 59.485176282051285 58.1630608974359
133 78.64783653846153 79.20272435897436 59.43509615384615 58.41346153846154
134 78.46354166666667 79.19471153846153 59.17467948717949 58.13301282051282
135 78.68790064102564 79.49719551282051 59.114583333333336 57.75240384615385
136 78.9423076923077 79.4911858974359 59.40504807692308 58.19310897435897
137 78.53565705128206 79.6854967948718 59.46514423076923 57.98277243589744
138 79.140625 79.765625 59.30488782051282 57.532051282051285
139 79.5733173076923 79.8016826923077 59.17467948717949 57.93269230769231
140 79.42307692307692 79.9198717948718 59.244791666666664 58.17307692307692
141 79.23677884615384 80.15625 59.094551282051285 58.36338141025641
142 79.5332532051282 79.86778846153847 59.15464743589744 57.84254807692308
143 79.7235576923077 80.11017628205128 59.18469551282051 57.48197115384615
144 79.64342948717949 80.3505608974359 58.723958333333336 58.102964743589745
145 79.65945512820512 80.38060897435898 59.64543269230769 57.57211538461539
146 79.97395833333333 80.28645833333333 59.35496794871795 58.203125
147 80.03004807692308 80.46073717948718 59.49519230769231 58.333333333333336
148 79.98798076923077 80.4667467948718 59.13461538461539 57.97275641025641
149 79.98197115384616 80.73517628205128 59.01442307692308 58.05288461538461
150 80.09214743589743 80.76322115384616 59.114583333333336 58.17307692307692
151 80.17628205128206 80.7431891025641 59.094551282051285 58.47355769230769
152 80.43870192307692 80.59094551282051 59.07451923076923 58.25320512820513
153 80.34054487179488 80.99158653846153 57.87259615384615 58.53365384615385
154 80.4667467948718 81.07572115384616 58.71394230769231 58.1630608974359
155 80.57291666666667 81.10376602564102 59.49519230769231 58.41346153846154
156 80.63301282051282 81.27403846153847 59.114583333333336 57.732371794871796
157 80.69911858974359 81.26602564102564 59.52524038461539 58.513621794871796
158 80.83333333333333 81.21794871794872 58.82411858974359 58.27323717948718
159 80.8233173076923 81.23798076923077 59.17467948717949 58.26322115384615
160 80.9395032051282 81.3661858974359 59.475160256410255 58.35336538461539
161 80.98157051282051 81.58854166666667 59.32491987179487 58.64383012820513
162 81.06169871794872 81.61658653846153 59.04447115384615 58.19310897435897
163 81.11778846153847 81.51442307692308 58.673878205128204 58.34334935897436
164 81.01963141025641 81.64663461538461 59.31490384615385 58.44350961538461
165 81.32211538461539 81.51041666666667 59.264823717948715 58.34334935897436
166 81.25801282051282 81.63661858974359 59.16466346153846 58.333333333333336
167 81.39623397435898 81.73076923076923 59.114583333333336 58.5536858974359
168 81.58453525641026 81.6766826923077 59.23477564102564 58.38341346153846
169 81.33814102564102 81.90504807692308 59.38501602564103 58.43349358974359
170 81.34214743589743 81.93509615384616 59.38501602564103 58.92427884615385
171 81.5604967948718 81.93309294871794 58.6338141025641 58.38341346153846
172 81.78485576923077 81.94511217948718 59.34495192307692 58.56370192307692
173 81.78485576923077 81.98116987179488 59.35496794871795 58.26322115384615
174 81.86298076923077 82.10336538461539 59.30488782051282 58.40344551282051
175 81.8369391025641 82.2295673076923 59.34495192307692 58.313301282051285
176 81.90504807692308 82.27163461538461 59.4150641025641 58.60376602564103
177 81.78886217948718 82.28565705128206 59.084535256410255 58.23317307692308
178 81.93910256410257 82.31169871794872 59.4150641025641 57.95272435897436
179 81.96514423076923 82.27764423076923 59.15464743589744 58.14302884615385
180 82.03725961538461 82.29366987179488 59.31490384615385 58.19310897435897
181 82.00320512820512 82.44591346153847 59.15464743589744 57.87259615384615
182 82.01522435897436 82.35376602564102 59.40504807692308 57.97275641025641
183 82.13341346153847 82.39383012820512 59.274839743589745 57.99278846153846
184 82.17948717948718 82.5360576923077 58.96434294871795 57.69230769230769
185 82.20953525641026 82.49399038461539 59.294871794871796 58.14302884615385
186 82.2636217948718 82.52804487179488 59.30488782051282 58.08293269230769
187 82.29967948717949 82.62620192307692 58.89423076923077 57.96274038461539
188 82.29366987179488 82.64623397435898 59.094551282051285 57.83253205128205
189 82.35977564102564 82.66826923076923 59.01442307692308 57.892628205128204
190 82.3798076923077 82.66225961538461 58.91426282051282 57.82251602564103
191 82.32572115384616 82.65625 58.854166666666664 57.8525641025641
192 82.40985576923077 82.64222756410257 58.86418269230769 58.11298076923077
193 82.44190705128206 82.65625 58.884214743589745 57.912660256410255
194 82.48197115384616 82.6983173076923 58.723958333333336 57.942708333333336
195 82.52203525641026 82.76041666666667 58.75400641025641 57.83253205128205
196 82.47996794871794 82.734375 58.78405448717949 57.84254807692308
197 82.5380608974359 82.75841346153847 58.61378205128205 57.8525641025641
198 82.53004807692308 82.76442307692308 58.66386217948718 57.84254807692308
199 82.56810897435898 82.7704326923077 58.723958333333336 57.892628205128204
