epoch train_acc1 train_acc2 test_acc1 test_acc2
0 0 0 0.9815705128205128 0.891426282051282
1 11.23798076923077 11.552483974358974 6.209935897435898 6.460336538461538
2 19.166666666666668 19.14863782051282 8.353365384615385 8.283253205128204
3 23.69591346153846 23.375400641025642 7.792467948717949 9.455128205128204
4 27.00721153846154 26.64463141025641 9.965945512820513 8.934294871794872
5 27.393830128205128 27.35576923076923 8.303285256410257 8.333333333333334
6 28.131009615384617 28.09294871794872 7.88261217948718 8.002804487179487
7 28.317307692307693 28.297275641025642 7.291666666666667 7.962740384615385
8 28.731971153846153 28.671875 7.271634615384615 7.672275641025641
9 29.393028846153847 29.092548076923077 7.461939102564102 7.662259615384615
10 29.799679487179485 29.344951923076923 8.523637820512821 8.263221153846153
11 30.170272435897434 29.68349358974359 8.203125 8.333333333333334
12 30.38661858974359 30.026041666666668 7.592147435897436 8.06290064102564
13 31.053685897435898 30.765224358974358 7.512019230769231 7.792467948717949
14 31.344150641025642 31.42628205128205 8.06290064102564 8.092948717948717
15 31.60857371794872 31.62059294871795 7.682291666666667 7.291666666666667
16 32.009214743589745 32.00120192307692 8.333333333333334 7.992788461538462
17 32.580128205128204 32.61217948717949 8.82411858974359 7.592147435897436
18 33.14903846153846 32.95072115384615 8.082932692307692 7.942708333333333
19 33.29527243589744 33.46554487179487 9.094551282051283 8.964342948717949
20 33.87219551282051 33.81009615384615 8.603766025641026 7.461939102564102
21 34.21474358974359 34.084535256410255 8.203125 8.102964743589743
22 34.064503205128204 34.36498397435897 8.944310897435898 8.493589743589743
23 34.98597756410256 35.07211538461539 8.36338141025641 8.143028846153847
24 35.14623397435897 35.368589743589745 9.07451923076923 8.703926282051283
25 35.592948717948715 35.48477564102564 8.473557692307692 7.942708333333333
26 36.197916666666664 35.783253205128204 8.864182692307692 7.74238782051282
27 36.037660256410255 36.30408653846154 9.034455128205128 8.153044871794872
28 36.872996794871796 36.384214743589745 9.395032051282051 8.43349358974359
29 36.89503205128205 36.9150641025641 9.114583333333334 9.324919871794872
30 37.209535256410255 37.165464743589745 9.354967948717949 8.904246794871796
31 37.67628205128205 37.48998397435897 9.344951923076923 9.084535256410257
32 37.88461538461539 37.497996794871796 8.613782051282051 9.21474358974359
33 38.0068108974359 37.94070512820513 8.713942307692308 9.104567307692308
34 38.27323717948718 37.97475961538461 9.745592948717949 9.565304487179487
35 38.0068108974359 38.1650641025641 9.725560897435898 9.705528846153847
36 38.806089743589745 38.411458333333336 9.304887820512821 9.264823717948717
37 38.854166666666664 38.796073717948715 9.184695512820513 9.324919871794872
38 39.27684294871795 39.00440705128205 9.485176282051283 8.633814102564102
39 39.631410256410255 38.938301282051285 9.875801282051283 9.154647435897436
40 39.36899038461539 39.22475961538461 8.59375 9.024439102564102
41 39.641426282051285 39.66746794871795 9.034455128205128 8.954326923076923
42 40.24839743589744 40.06410256410256 9.244791666666666 9.815705128205128
43 40.46073717948718 40.28846153846154 8.884214743589743 9.294871794871796
44 40.5068108974359 40.36258012820513 8.874198717948717 9.314903846153847
45 40.84535256410256 40.40865384615385 9.385016025641026 9.555288461538462
46 40.725160256410255 40.67908653846154 9.274839743589743 9.415064102564102
47 41.540464743589745 40.93149038461539 8.944310897435898 9.164663461538462
48 41.47235576923077 40.99158653846154 9.505208333333334 9.755608974358974
49 41.74679487179487 41.23798076923077 9.114583333333334 9.815705128205128
50 41.87099358974359 41.41025641025641 9.655448717948717 9.475160256410257
51 42.34375 41.62459935897436 9.99599358974359 10.01602564102564
52 42.26963141025641 41.94110576923077 9.094551282051283 9.054487179487179
53 42.365785256410255 42.10536858974359 9.745592948717949 9.455128205128204
54 42.502003205128204 42.51802884615385 9.425080128205128 9.324919871794872
55 42.71634615384615 42.56610576923077 9.685496794871796 9.53525641025641
56 43.03084935897436 42.43790064102564 10.06610576923077 9.51522435897436
57 43.10496794871795 42.82652243589744 10.647035256410257 9.294871794871796
58 43.35336538461539 42.86258012820513 10.526842948717949 9.845753205128204
59 43.22115384615385 43.098958333333336 9.815705128205128 10.226362179487179
60 43.36738782051282 43.2411858974359 10.036057692307692 9.575320512820513
61 43.6318108974359 43.27123397435897 9.104567307692308 9.665464743589743
62 43.77804487179487 43.54567307692308 10.45673076923077 9.475160256410257
63 44.05649038461539 43.625801282051285 9.715544871794872 9.485176282051283
64 44.24679487179487 43.92628205128205 9.14463141025641 9.915865384615385
65 44.140625 43.96434294871795 10.15625 9.92588141025641
66 44.33092948717949 44.39102564102564 9.725560897435898 9.90584935897436
67 44.87980769230769 44.48317307692308 10.31650641025641 10.046073717948717
68 44.85977564102564 44.6494391025641 10.24639423076923 9.775641025641026
69 44.90584935897436 44.74759615384615 9.915865384615385 10.24639423076923
70 44.87179487179487 44.56530448717949 9.955929487179487 9.845753205128204
71 45.12019230769231 45.0 10.627003205128204 10.116185897435898
72 45.442708333333336 45.266426282051285 10.15625 9.99599358974359
73 45.36057692307692 45.40264423076923 10.01602564102564 10.226362179487179
74 45.779246794871796 45.46875 10.276442307692308 10.116185897435898
75 45.657051282051285 45.66706730769231 9.28485576923077 9.815705128205128
76 46.02964743589744 45.755208333333336 10.9375 10.15625
77 45.86939102564103 46.03966346153846 10.657051282051283 10.596955128205128
78 46.03966346153846 46.20592948717949 10.817307692307692 10.116185897435898
79 46.16386217948718 45.86939102564103 10.63701923076923 10.516826923076923
80 46.20192307692308 46.2119391025641 10.346554487179487 10.136217948717949
81 46.66466346153846 46.38221153846154 10.046073717948717 9.99599358974359
82 46.686698717948715 46.560496794871796 10.01602564102564 10.516826923076923
83 46.716746794871796 46.79086538461539 10.376602564102564 10.907451923076923
84 47.02524038461539 46.86298076923077 10.717147435897436 10.036057692307692
85 46.89102564102564 46.80889423076923 10.446714743589743 10.376602564102564
86 47.26161858974359 47.15945512820513 10.506810897435898 10.24639423076923
87 47.40785256410256 47.48397435897436 10.757211538461538 10.727163461538462
88 47.48597756410256 47.600160256410255 10.45673076923077 10.31650641025641
89 47.990785256410255 47.69030448717949 10.717147435897436 10.046073717948717
90 48.102964743589745 47.83052884615385 10.126201923076923 9.825721153846153
91 48.21314102564103 47.83052884615385 10.68709935897436 9.975961538461538
92 48.42948717948718 48.14102564102564 10.426682692307692 10.026041666666666
93 48.64383012820513 48.35336538461539 10.77724358974359 10.616987179487179
94 48.830128205128204 48.639823717948715 10.717147435897436 10.877403846153847
95 48.97435897435897 48.47355769230769 10.647035256410257 10.867387820512821
96 49.244791666666664 48.81209935897436 11.217948717948717 10.997596153846153
97 49.29086538461539 48.88621794871795 10.63701923076923 10.306490384615385
98 49.38100961538461 49.30889423076923 10.616987179487179 10.767227564102564
99 49.55929487179487 49.40304487179487 10.927483974358974 10.957532051282051
100 49.83573717948718 49.58934294871795 10.226362179487179 10.326522435897436
101 49.77564102564103 49.57331730769231 10.516826923076923 10.79727564102564
102 50.2744391025641 49.85576923076923 10.787259615384615 11.067708333333334
103 50.41065705128205 50.154246794871796 11.388221153846153 10.877403846153847
104 50.364583333333336 49.84775641025641 9.975961538461538 10.717147435897436
105 50.68910256410256 50.14823717948718 10.627003205128204 10.897435897435898
106 50.87139423076923 50.24439102564103 11.278044871794872 10.877403846153847
107 50.7431891025641 50.6650641025641 10.436698717948717 10.737179487179487
108 51.01963141025641 50.755208333333336 10.596955128205128 10.196314102564102
109 51.193910256410255 50.5088141025641 11.197916666666666 10.647035256410257
110 51.23998397435897 50.95352564102564 10.737179487179487 10.486778846153847
111 51.44030448717949 51.22195512820513 10.70713141025641 10.927483974358974
112 51.67067307692308 51.34415064102564 11.137820512820513 10.717147435897436
113 51.588541666666664 51.73277243589744 10.757211538461538 11.02764423076923
114 51.85496794871795 51.65464743589744 10.616987179487179 10.596955128205128
115 52.29967948717949 51.52644230769231 10.977564102564102 10.787259615384615
116 52.08133012820513 51.7568108974359 11.48838141025641 10.657051282051283
117 52.239583333333336 51.95713141025641 10.657051282051283 10.867387820512821
118 52.54407051282051 52.04126602564103 10.787259615384615 10.677083333333334
119 52.51602564102564 52.25961538461539 11.298076923076923 10.887419871794872
120 52.68028846153846 52.39783653846154 10.977564102564102 10.536858974358974
121 52.89463141025641 52.473958333333336 10.396634615384615 10.63701923076923
122 52.858573717948715 52.688301282051285 10.807291666666666 10.667067307692308
123 53.08894230769231 52.90865384615385 11.02764423076923 11.02764423076923
124 53.44551282051282 53.09495192307692 11.378205128205128 10.757211538461538
125 53.53565705128205 53.078926282051285 10.616987179487179 10.677083333333334
126 53.56570512820513 53.28926282051282 10.987580128205128 11.268028846153847
127 53.58373397435897 53.44150641025641 10.817307692307692 10.877403846153847
128 54.1025641025641 53.34134615384615 11.217948717948717 10.917467948717949
129 54.13261217948718 53.62780448717949 11.16786858974359 10.967548076923077
130 54.24278846153846 53.806089743589745 11.438301282051283 11.067708333333334
131 54.40905448717949 53.99038461538461 11.268028846153847 11.02764423076923
132 54.5713141025641 53.79407051282051 10.606971153846153 10.84735576923077
133 54.6474358974359 54.186698717948715 11.458333333333334 10.967548076923077
134 54.78966346153846 54.03846153846154 10.807291666666666 11.157852564102564
135 54.791666666666664 54.318910256410255 11.047676282051283 11.358173076923077
136 55.00600961538461 54.661458333333336 10.837339743589743 10.63701923076923
137 54.973958333333336 54.54326923076923 10.897435897435898 11.037660256410257
138 55.17628205128205 55.09014423076923 11.23798076923077 11.127804487179487
139 55.24439102564103 54.74759615384615 11.378205128205128 11.127804487179487
140 55.52283653846154 55.24439102564103 11.328125 11.378205128205128
141 55.344551282051285 54.947916666666664 11.217948717948717 11.57852564102564
142 55.703125 55.134214743589745 11.41826923076923 11.268028846153847
143 55.77724358974359 55.37660256410256 11.518429487179487 11.137820512820513
144 55.76722756410256 55.66105769230769 11.318108974358974 11.147836538461538
145 56.10977564102564 55.63501602564103 11.18790064102564 11.258012820512821
146 56.306089743589745 56.10977564102564 11.588541666666666 11.478365384615385
147 56.05168269230769 55.84935897435897 11.217948717948717 11.087740384615385
148 56.50240384615385 55.91346153846154 11.62860576923077 11.508413461538462
149 56.380208333333336 56.09375 11.48838141025641 11.107772435897436
150 56.45032051282051 56.17788461538461 11.348157051282051 11.358173076923077
151 56.73477564102564 56.38621794871795 11.408253205128204 11.528445512820513
152 56.82091346153846 56.47035256410256 11.458333333333334 11.308092948717949
153 56.97716346153846 56.62459935897436 11.127804487179487 11.498397435897436
154 56.94711538461539 56.7588141025641 11.247996794871796 11.55849358974359
155 57.08934294871795 56.70873397435897 11.408253205128204 11.658653846153847
156 57.21754807692308 56.91706730769231 11.798878205128204 11.568509615384615
157 57.28966346153846 57.189503205128204 11.528445512820513 11.588541666666666
158 57.37780448717949 57.13942307692308 11.398237179487179 11.668669871794872
159 57.55008012820513 57.37179487179487 11.137820512820513 11.408253205128204
160 57.48197115384615 57.4619391025641 11.498397435897436 11.698717948717949
161 57.87459935897436 57.38782051282051 11.508413461538462 11.067708333333334
162 57.86258012820513 57.578125 11.48838141025641 11.518429487179487
163 57.89463141025641 57.62019230769231 11.278044871794872 11.328125
164 58.12900641025641 57.75841346153846 11.668669871794872 11.388221153846153
165 58.17307692307692 57.72235576923077 11.688701923076923 11.548477564102564
166 58.29326923076923 57.80248397435897 11.528445512820513 11.498397435897436
167 58.303285256410255 58.09495192307692 11.568509615384615 11.298076923076923
168 58.53165064102564 58.17908653846154 11.398237179487179 11.177884615384615
169 58.65584935897436 58.14503205128205 11.588541666666666 11.57852564102564
170 58.5556891025641 58.09495192307692 11.698717948717949 11.448317307692308
171 58.53165064102564 58.37339743589744 11.999198717948717 11.428285256410257
172 59.040464743589745 58.33533653846154 11.838942307692308 11.388221153846153
173 58.952323717948715 58.55168269230769 11.818910256410257 11.247996794871796
174 59.14863782051282 58.82411858974359 11.96915064102564 11.117788461538462
175 59.1806891025641 58.74399038461539 11.458333333333334 11.298076923076923
176 59.16866987179487 58.932291666666664 11.648637820512821 11.538461538461538
177 59.064503205128204 58.986378205128204 12.029246794871796 11.57852564102564
178 59.451121794871796 59.05849358974359 11.80889423076923 11.368189102564102
179 59.2568108974359 59.250801282051285 11.448317307692308 11.528445512820513
180 59.44711538461539 59.3349358974359 11.388221153846153 11.438301282051283
181 59.743589743589745 59.18469551282051 11.548477564102564 11.41826923076923
182 59.58533653846154 59.172676282051285 11.708733974358974 11.438301282051283
183 59.87980769230769 59.5693108974359 11.638621794871796 11.508413461538462
184 59.95192307692308 59.53125 11.788862179487179 11.388221153846153
185 59.99399038461539 59.56129807692308 11.788862179487179 11.508413461538462
186 60.002003205128204 59.61939102564103 11.818910256410257 11.217948717948717
187 60.15625 59.54927884615385 11.999198717948717 11.247996794871796
188 59.8838141025641 59.89182692307692 11.568509615384615 11.478365384615385
189 60.5088141025641 59.869791666666664 12.009214743589743 11.338141025641026
190 60.16426282051282 59.80769230769231 12.069310897435898 11.288060897435898
191 60.236378205128204 59.87379807692308 11.838942307692308 11.318108974358974
192 60.26241987179487 60.0400641025641 11.87900641025641 11.568509615384615
193 60.69511217948718 59.95592948717949 11.989182692307692 11.398237179487179
194 60.68709935897436 59.98798076923077 12.039262820512821 11.318108974358974
195 60.61498397435897 60.38661858974359 11.838942307692308 11.298076923076923
196 60.40064102564103 60.1181891025641 11.71875 11.398237179487179
197 60.7411858974359 60.110176282051285 11.738782051282051 11.338141025641026
198 60.647035256410255 60.16626602564103 11.728766025641026 11.338141025641026
199 60.84735576923077 60.314503205128204 11.868990384615385 11.378205128205128
