epoch train_acc1 train_acc2 test_acc1 test_acc2
0 0 0 0.9815705128205128 0.891426282051282
1 9.184695512820513 9.447115384615385 12.620192307692308 12.489983974358974
2 16.005608974358974 16.48838141025641 19.090544871794872 19.401041666666668
3 20.55488782051282 21.19190705128205 23.357371794871796 21.604567307692307
4 23.64783653846154 24.09455128205128 22.305689102564102 23.52764423076923
5 24.791666666666668 24.961939102564102 21.103766025641026 22.596153846153847
6 25.166266025641026 25.92948717948718 24.048477564102566 25.150240384615383
7 25.667067307692307 25.87139423076923 25.610977564102566 22.365785256410255
8 25.96153846153846 26.177884615384617 24.71955128205128 24.088541666666668
9 26.344150641025642 26.66065705128205 26.33213141025641 24.419070512820515
10 26.71875 26.937099358974358 25.931490384615383 26.612580128205128
11 26.953125 27.459935897435898 22.986778846153847 26.272035256410255
12 27.568108974358974 27.796474358974358 26.512419871794872 26.872996794871796
13 27.986778846153847 28.203125 28.094951923076923 27.52403846153846
14 28.595753205128204 28.994391025641026 27.674278846153847 28.225160256410255
15 28.756009615384617 29.565304487179485 29.146634615384617 28.325320512820515
16 29.459134615384617 29.76161858974359 28.14503205128205 28.916266025641026
17 29.883814102564102 30.302483974358974 27.984775641025642 30.088141025641026
18 30.39463141025641 30.873397435897434 29.467147435897434 28.83613782051282
19 30.94150641025641 31.40224358974359 28.28525641025641 27.403846153846153
20 31.69471153846154 31.891025641025642 29.96794871794872 30.909455128205128
21 31.923076923076923 32.24559294871795 28.876201923076923 30.57892628205128
22 32.35977564102564 32.39182692307692 31.440304487179485 31.219951923076923
23 32.49599358974359 33.06490384615385 30.76923076923077 31.01963141025641
24 32.99278846153846 33.32331730769231 31.15985576923077 31.029647435897434
25 33.37339743589744 33.76402243589744 30.128205128205128 29.937900641025642
26 33.928285256410255 33.83814102564103 31.199919871794872 31.280048076923077
27 33.958333333333336 34.51322115384615 31.470352564102566 31.760817307692307
28 34.29286858974359 34.56129807692308 31.650641025641026 32.39182692307692
29 35.00600961538461 34.95592948717949 31.891025641025642 31.991185897435898
30 35.09615384615385 35.40264423076923 31.15985576923077 31.62059294871795
31 35.55689102564103 35.86338141025641 32.43189102564103 32.0713141025641
32 35.60897435897436 36.36418269230769 32.43189102564103 33.463541666666664
33 36.50440705128205 36.41225961538461 31.310096153846153 31.680689102564102
34 36.14783653846154 36.31209935897436 32.3818108974359 33.74399038461539
35 36.79086538461539 36.73878205128205 32.922676282051285 32.93269230769231
36 36.89903846153846 37.395833333333336 32.922676282051285 33.303285256410255
37 37.4599358974359 37.033253205128204 32.99278846153846 33.102964743589745
38 37.63822115384615 37.83653846153846 33.00280448717949 32.72235576923077
39 37.84254807692308 38.11698717948718 32.421875 33.19310897435897
40 37.89863782051282 38.01682692307692 34.505208333333336 34.455128205128204
41 38.33934294871795 38.483573717948715 33.673878205128204 34.42508012820513
42 38.181089743589745 38.73798076923077 33.874198717948715 34.46514423076923
43 38.74599358974359 38.98036858974359 33.56370192307692 34.43509615384615
44 39.094551282051285 39.29286858974359 32.84254807692308 34.79567307692308
45 39.22475961538461 39.69951923076923 33.884214743589745 34.21474358974359
46 39.407051282051285 39.865785256410255 33.64383012820513 33.884214743589745
47 40.01001602564103 39.93389423076923 33.84415064102564 35.256410256410255
48 40.13621794871795 40.05408653846154 34.8056891025641 34.97596153846154
49 40.188301282051285 40.22435897435897 33.65384615384615 34.52524038461539
50 40.35657051282051 40.65504807692308 33.65384615384615 33.904246794871796
51 40.338541666666664 40.91346153846154 34.375 34.44511217948718
52 40.72315705128205 40.92147435897436 33.1630608974359 34.56530448717949
53 40.86338141025641 41.24198717948718 34.22475961538461 35.87740384615385
54 41.31209935897436 41.32211538461539 34.475160256410255 35.99759615384615
55 41.30008012820513 41.94711538461539 34.19471153846154 34.92588141025641
56 41.59855769230769 41.90304487179487 35.38661858974359 35.30649038461539
57 42.11538461538461 42.06530448717949 34.75560897435897 34.274839743589745
58 41.91907051282051 42.28365384615385 34.77564102564103 36.31810897435897
59 42.19150641025641 42.35376602564103 34.475160256410255 35.657051282051285
60 42.43189102564103 42.82051282051282 35.286458333333336 34.60536858974359
61 42.600160256410255 43.000801282051285 35.1963141025641 35.29647435897436
62 42.966746794871796 43.23317307692308 35.1161858974359 35.81730769230769
63 43.40144230769231 43.09695512820513 34.57532051282051 35.96754807692308
64 43.000801282051285 43.259214743589745 35.10616987179487 35.12620192307692
65 43.17307692307692 43.40344551282051 35.837339743589745 36.12780448717949
66 43.54366987179487 43.776041666666664 35.71714743589744 35.88741987179487
67 43.62780448717949 44.30889423076923 35.076121794871796 36.3681891025641
68 43.92227564102564 44.33092948717949 33.77403846153846 35.546875
69 43.88221153846154 44.59334935897436 35.256410256410255 36.78886217948718
70 44.240785256410255 44.529246794871796 35.286458333333336 35.60697115384615
71 44.22475961538461 44.74158653846154 35.266426282051285 36.35817307692308
72 44.47716346153846 45.052083333333336 35.8974358974359 34.485176282051285
73 44.63341346153846 44.73157051282051 34.36498397435897 35.38661858974359
74 44.65344551282051 44.83573717948718 35.266426282051285 36.999198717948715
75 45.08613782051282 45.30048076923077 35.1161858974359 35.63701923076923
76 45.35657051282051 45.87740384615385 34.274839743589745 36.71875
77 45.3125 45.36057692307692 36.56850961538461 36.88902243589744
78 45.701121794871796 45.989583333333336 35.49679487179487 35.416666666666664
79 45.47475961538461 45.87339743589744 36.50841346153846 37.4599358974359
80 45.92748397435897 46.223958333333336 34.39503205128205 36.46834935897436
81 46.02163461538461 45.97355769230769 35.73717948717949 36.25801282051282
82 45.701121794871796 46.26402243589744 35.22636217948718 36.30809294871795
83 46.52644230769231 46.921073717948715 34.44511217948718 35.94751602564103
84 46.38221153846154 46.65865384615385 35.79727564102564 36.50841346153846
85 46.740785256410255 46.97115384615385 36.18790064102564 35.416666666666664
86 46.78886217948718 47.19350961538461 36.197916666666664 35.87740384615385
87 47.22956730769231 47.263621794871796 35.55689102564103 37.209535256410255
88 47.35176282051282 47.63221153846154 36.05769230769231 35.857371794871796
89 47.3838141025641 47.790464743589745 34.274839743589745 35.857371794871796
90 47.532051282051285 47.75040064102564 35.06610576923077 35.90745192307692
91 47.734375 48.13902243589744 36.95913461538461 35.71714743589744
92 48.020833333333336 48.40945512820513 37.44991987179487 36.999198717948715
93 48.26322115384615 48.34935897435897 36.14783653846154 36.428285256410255
94 48.205128205128204 48.82011217948718 35.857371794871796 36.80889423076923
95 48.58573717948718 48.98838141025641 36.30809294871795 37.30969551282051
96 48.9443108974359 48.89623397435897 35.91746794871795 37.75040064102564
97 48.90625 49.30088141025641 36.798878205128204 36.92908653846154
98 49.1786858974359 49.60336538461539 37.37980769230769 37.19951923076923
99 49.20272435897436 49.75360576923077 36.95913461538461 36.83894230769231
100 49.56129807692308 49.92588141025641 36.54847756410256 37.219551282051285
101 49.74559294871795 50.04206730769231 36.608573717948715 37.5400641025641
102 49.99599358974359 50.31650641025641 36.71875 37.52003205128205
103 49.98798076923077 50.63902243589744 37.26963141025641 37.209535256410255
104 49.9619391025641 50.544871794871796 35.74719551282051 37.68028846153846
105 50.54086538461539 50.61498397435897 37.13942307692308 38.03084935897436
106 50.69310897435897 51.04967948717949 36.458333333333336 37.31971153846154
107 50.75721153846154 51.24599358974359 36.6786858974359 37.83052884615385
108 51.26602564102564 51.37019230769231 36.94911858974359 38.27123397435897
109 50.989583333333336 51.50040064102564 36.12780448717949 37.68028846153846
110 51.01963141025641 51.828926282051285 37.189503205128204 37.40985576923077
111 51.70673076923077 51.907051282051285 36.65865384615385 36.95913461538461
112 51.88301282051282 52.04126602564103 37.029246794871796 36.10777243589744
113 51.88902243589744 52.22956730769231 37.16947115384615 36.848958333333336
114 52.08533653846154 52.49198717948718 37.5 36.33814102564103
115 52.189503205128204 52.317708333333336 36.78886217948718 37.8505608974359
116 52.55008012820513 52.814503205128204 36.48838141025641 36.72876602564103
117 52.51602564102564 52.92467948717949 37.48998397435897 38.3213141025641
118 52.6963141025641 53.05689102564103 37.47996794871795 37.53004807692308
119 53.09695512820513 53.24719551282051 38.05088141025641 37.27964743589744
120 53.044871794871796 53.25120192307692 37.84054487179487 37.94070512820513
121 53.28525641025641 53.772035256410255 36.408253205128204 37.30969551282051
122 53.60777243589744 53.74599358974359 36.89903846153846 37.48998397435897
123 53.33533653846154 53.96033653846154 37.43990384615385 37.9306891025641
124 53.96634615384615 53.982371794871796 37.11939102564103 37.760416666666664
125 53.96033653846154 54.22876602564103 37.70032051282051 38.30128205128205
126 54.21073717948718 54.21474358974359 36.62860576923077 37.31971153846154
127 54.14663461538461 54.62540064102564 36.72876602564103 37.15945512820513
128 54.53525641025641 54.577323717948715 36.90905448717949 36.828926282051285
129 54.553285256410255 54.86378205128205 37.1494391025641 38.000801282051285
130 54.76161858974359 55.01201923076923 37.890625 37.48998397435897
131 54.765625 54.95592948717949 37.53004807692308 37.43990384615385
132 54.83173076923077 54.98197115384615 37.1494391025641 38.13100961538461
133 55.21834935897436 55.47275641025641 37.33974358974359 38.26121794871795
134 55.32852564102564 55.60096153846154 37.69030448717949 38.201121794871796
135 55.2744391025641 55.87740384615385 37.62019230769231 38.020833333333336
136 55.47275641025641 55.71714743589744 37.0693108974359 37.53004807692308
137 55.88942307692308 56.08373397435897 37.69030448717949 38.30128205128205
138 55.86939102564103 56.31410256410256 37.07932692307692 38.42147435897436
139 55.73717948717949 56.40224358974359 36.618589743589745 37.96073717948718
140 56.145833333333336 56.47636217948718 37.810496794871796 38.29126602564103
141 56.06370192307692 56.462339743589745 37.73036858974359 37.92067307692308
142 56.47435897435897 56.92307692307692 38.13100961538461 38.48157051282051
143 56.302083333333336 57.00120192307692 37.40985576923077 38.31129807692308
144 56.71274038461539 56.86498397435897 37.610176282051285 38.21113782051282
145 57.24559294871795 57.04727564102564 37.74038461538461 38.772035256410255
146 56.94310897435897 57.423878205128204 37.35977564102564 38.25120192307692
147 57.06129807692308 57.80649038461539 36.98918269230769 38.08092948717949
148 57.25360576923077 57.8125 37.69030448717949 39.18269230769231
149 57.4619391025641 57.7724358974359 37.66025641025641 38.74198717948718
150 57.70032051282051 57.68629807692308 37.86057692307692 38.74198717948718
151 57.5400641025641 57.99278846153846 37.67027243589744 38.571714743589745
152 57.90064102564103 58.13501602564103 37.12940705128205 38.43149038461539
153 57.82852564102564 58.47355769230769 36.80889423076923 38.561698717948715
154 58.07091346153846 58.435496794871796 37.88060897435897 38.561698717948715
155 58.29927884615385 58.60777243589744 37.53004807692308 38.25120192307692
156 58.13902243589744 58.60376602564103 38.2411858974359 38.74198717948718
157 58.669871794871796 58.5556891025641 38.27123397435897 38.591746794871796
158 58.65384615384615 58.92628205128205 38.05088141025641 38.391426282051285
159 58.64182692307692 58.95032051282051 38.561698717948715 38.90224358974359
160 59.04447115384615 59.140625 38.000801282051285 38.46153846153846
161 58.874198717948715 59.07051282051282 37.95072115384615 38.64182692307692
162 59.15064102564103 59.47115384615385 37.369791666666664 38.51161858974359
163 59.05248397435897 59.49719551282051 37.5 38.671875
164 59.505208333333336 59.66947115384615 37.46995192307692 38.58173076923077
165 59.63741987179487 59.74559294871795 38.31129807692308 38.83213141025641
166 59.455128205128204 59.65344551282051 38.21113782051282 38.70192307692308
167 59.817708333333336 60.124198717948715 37.82051282051282 39.0625
168 59.93990384615385 60.16826923076923 38.11097756410256 38.79206730769231
169 59.95192307692308 60.09214743589744 38.06089743589744 38.7119391025641
170 59.923878205128204 60.30248397435897 38.27123397435897 38.66185897435897
171 59.98197115384615 60.422676282051285 38.73197115384615 38.45152243589744
172 60.24038461538461 60.416666666666664 37.98076923076923 38.982371794871796
173 60.286458333333336 60.568910256410255 38.361378205128204 38.55168269230769
174 60.55088141025641 60.63501602564103 37.990785256410255 38.561698717948715
175 60.71314102564103 60.62099358974359 38.22115384615385 38.30128205128205
176 60.671073717948715 60.91746794871795 38.19110576923077 38.42147435897436
177 60.54086538461539 61.02564102564103 38.22115384615385 38.55168269230769
178 60.92948717948718 60.935496794871796 38.27123397435897 38.49158653846154
179 61.276041666666664 61.27804487179487 37.87059294871795 38.752003205128204
180 61.08373397435897 61.510416666666664 38.37139423076923 38.76201923076923
181 61.252003205128204 61.5224358974359 38.68189102564103 38.99238782051282
182 61.18389423076923 61.614583333333336 38.381410256410255 38.46153846153846
183 61.33213141025641 61.594551282051285 38.46153846153846 38.571714743589745
184 61.45432692307692 61.63261217948718 38.51161858974359 38.561698717948715
185 61.59855769230769 61.76081730769231 38.962339743589745 38.982371794871796
186 61.614583333333336 61.74879807692308 38.561698717948715 38.591746794871796
187 61.78886217948718 61.73677884615385 38.69190705128205 38.87219551282051
188 61.55048076923077 62.20753205128205 38.50160256410256 39.11258012820513
189 61.91105769230769 61.86298076923077 38.33133012820513 38.79206730769231
190 61.75480769230769 62.15144230769231 38.411458333333336 38.99238782051282
191 61.83894230769231 62.31570512820513 38.671875 38.962339743589745
192 62.23758012820513 62.60216346153846 39.04246794871795 38.89222756410256
193 62.11738782051282 62.35777243589744 38.571714743589745 38.88221153846154
194 62.265625 62.27764423076923 38.561698717948715 39.1025641025641
195 62.473958333333336 62.35176282051282 38.64182692307692 39.12259615384615
196 62.423878205128204 62.35576923076923 38.50160256410256 38.89222756410256
197 62.25761217948718 62.74038461538461 38.47155448717949 39.05248397435897
198 62.42788461538461 62.63621794871795 38.48157051282051 39.09254807692308
199 62.49399038461539 62.844551282051285 38.671875 39.01241987179487
