epoch train_acc1 train_acc2 test_acc1 test_acc2
0 0 0 8.323317307692308 10.526842948717949
1 26.72275641025641 27.049278846153847 38.932291666666664 41.97716346153846
2 33.639823717948715 34.51923076923077 43.439503205128204 43.97035256410256
3 36.49038461538461 37.17548076923077 48.41746794871795 50.32051282051282
4 37.78245192307692 38.9443108974359 50.0 52.864583333333336
5 38.93629807692308 40.5849358974359 50.41065705128205 53.044871794871796
6 40.080128205128204 41.39222756410256 52.3838141025641 53.88621794871795
7 40.94551282051282 41.91105769230769 55.01802884615385 56.69070512820513
8 41.26602564102564 42.26963141025641 55.05809294871795 57.79246794871795
9 41.64463141025641 43.10697115384615 55.49879807692308 56.85096153846154
10 42.4599358974359 43.53165064102564 55.04807692307692 56.80088141025641
11 42.85657051282051 43.669871794871796 56.330128205128204 56.66065705128205
12 43.23918269230769 44.094551282051285 56.81089743589744 58.93429487179487
13 44.01842948717949 44.65945512820513 56.84094551282051 58.703926282051285
14 44.14863782051282 44.72355769230769 58.39342948717949 59.03445512820513
15 44.49719551282051 44.97596153846154 57.48197115384615 60.1161858974359
16 44.689503205128204 45.36658653846154 57.682291666666664 60.076121794871796
17 45.076121794871796 45.72115384615385 58.71394230769231 58.95432692307692
18 45.41466346153846 45.82932692307692 59.92588141025641 59.43509615384615
19 45.364583333333336 46.32411858974359 59.43509615384615 59.895833333333336
20 42.421875 43.11498397435897 52.70432692307692 57.48197115384615
21 42.72235576923077 43.177083333333336 57.64222756410256 56.76081730769231
22 42.732371794871796 43.55168269230769 57.97275641025641 58.52363782051282
23 43.58974358974359 44.192708333333336 58.06290064102564 56.921073717948715
24 43.15304487179487 44.14663461538461 56.32011217948718 59.25480769230769
25 44.172676282051285 44.34695512820513 56.87099358974359 58.97435897435897
26 44.12459935897436 44.66746794871795 58.1630608974359 59.28485576923077
27 44.47716346153846 45.01001602564103 55.30849358974359 57.74238782051282
28 44.78365384615385 45.100160256410255 56.89102564102564 59.084535256410255
29 44.9599358974359 45.17628205128205 59.83573717948718 56.931089743589745
30 44.82371794871795 45.052083333333336 57.26161858974359 57.33173076923077
31 45.022035256410255 45.09615384615385 59.13461538461539 59.60536858974359
32 45.334535256410255 45.48277243589744 59.895833333333336 60.33653846153846
33 45.41065705128205 45.40464743589744 58.102964743589745 58.42347756410256
34 45.50280448717949 45.647035256410255 60.436698717948715 58.59375
35 45.76121794871795 45.82532051282051 59.17467948717949 60.35657051282051
36 45.54286858974359 45.78926282051282 60.00600961538461 59.61538461538461
37 45.56089743589744 46.03365384615385 59.7255608974359 59.22475961538461
38 45.911458333333336 45.86338141025641 58.06290064102564 58.693910256410255
39 45.77724358974359 45.92147435897436 56.6806891025641 60.416666666666664
40 45.97956730769231 46.247996794871796 59.56530448717949 60.046073717948715
41 45.90144230769231 46.438301282051285 57.58213141025641 56.330128205128204
42 45.91746794871795 46.23597756410256 60.36658653846154 59.485176282051285
43 46.19591346153846 46.07371794871795 59.73557692307692 59.70552884615385
44 46.13782051282051 46.41626602564103 60.5869391025641 59.90584935897436
45 46.20793269230769 46.74879807692308 59.13461538461539 58.283253205128204
46 46.306089743589745 46.58653846153846 60.73717948717949 59.21474358974359
47 46.08573717948718 46.3681891025641 59.74559294871795 60.9375
48 46.54647435897436 46.24399038461539 60.90745192307692 58.75400641025641
49 46.78084935897436 46.31009615384615 59.61538461538461 60.94751602564103
50 46.26001602564103 46.66866987179487 57.58213141025641 61.39823717948718
51 46.770833333333336 46.21594551282051 60.29647435897436 58.283253205128204
52 46.5224358974359 46.510416666666664 60.236378205128204 59.62540064102564
53 46.69471153846154 46.37019230769231 58.854166666666664 61.26802884615385
54 46.87099358974359 46.71274038461539 59.60536858974359 60.76722756410256
55 46.83293269230769 47.01322115384615 62.5 61.16786858974359
56 46.72275641025641 46.88501602564103 59.97596153846154 62.13942307692308
57 46.84695512820513 47.087339743589745 59.78565705128205 60.96754807692308
58 46.6025641025641 46.97115384615385 61.83894230769231 61.56850961538461
59 47.12940705128205 47.15144230769231 60.546875 62.03926282051282
60 46.73677884615385 46.875 60.48677884615385 60.77724358974359
61 46.77283653846154 47.0693108974359 60.37660256410256 60.48677884615385
62 47.265625 46.999198717948715 60.38661858974359 60.87740384615385
63 47.19951923076923 46.96314102564103 61.80889423076923 61.037660256410255
64 47.09935897435897 47.36378205128205 62.029246794871796 61.05769230769231
65 46.88501602564103 47.40785256410256 62.219551282051285 60.266426282051285
66 47.37179487179487 46.96714743589744 61.54847756410256 61.12780448717949
67 47.46394230769231 47.62219551282051 61.85897435897436 60.256410256410255
68 47.12339743589744 47.00320512820513 61.10777243589744 57.88261217948718
69 47.29967948717949 47.47195512820513 62.17948717948718 60.84735576923077
70 47.55809294871795 47.19951923076923 60.9375 59.765625
71 47.51602564102564 47.345753205128204 62.0693108974359 60.827323717948715
72 47.43990384615385 47.05128205128205 59.92588141025641 59.60536858974359
73 47.453926282051285 47.12339743589744 61.53846153846154 58.493589743589745
74 47.634214743589745 47.40384615384615 61.56850961538461 61.52844551282051
75 47.814503205128204 47.97475961538461 61.69871794871795 60.52684294871795
76 47.70032051282051 47.82251602564103 61.217948717948715 61.41826923076923
77 47.708333333333336 47.40384615384615 61.94911858974359 61.41826923076923
78 47.70432692307692 47.546073717948715 61.33814102564103 62.42988782051282
79 47.78245192307692 47.69230769230769 63.19110576923077 61.428285256410255
80 47.60817307692308 47.53004807692308 60.45673076923077 61.94911858974359
81 47.56009615384615 47.49599358974359 62.47996794871795 61.438301282051285
82 47.624198717948715 47.64623397435897 62.27964743589744 61.33814102564103
83 47.834535256410255 47.69230769230769 61.588541666666664 62.37980769230769
84 48.0088141025641 47.4599358974359 63.000801282051285 61.38822115384615
85 47.44991987179487 47.56209935897436 59.865785256410255 61.37820512820513
86 47.91466346153846 47.84254807692308 62.74038461538461 61.52844551282051
87 47.64623397435897 47.55008012820513 62.46995192307692 61.197916666666664
88 48.18910256410256 48.25320512820513 62.189503205128204 62.369791666666664
89 47.736378205128204 48.171073717948715 62.05929487179487 61.227964743589745
90 48.4755608974359 47.990785256410255 62.42988782051282 62.630208333333336
91 47.912660256410255 48.255208333333336 62.94070512820513 60.837339743589745
92 48.34134615384615 48.22716346153846 61.05769230769231 61.33814102564103
93 48.283253205128204 48.14503205128205 63.81209935897436 61.27804487179487
94 48.52163461538461 48.49158653846154 62.790464743589745 62.16947115384615
95 48.43149038461539 48.34535256410256 63.35136217948718 62.32972756410256
96 48.54967948717949 48.23717948717949 63.34134615384615 60.95753205128205
97 48.61177884615385 48.43349358974359 59.82572115384615 62.55008012820513
98 48.806089743589745 48.22315705128205 63.2411858974359 61.31810897435897
99 48.7880608974359 48.53365384615385 63.12099358974359 62.86057692307692
100 48.42147435897436 48.68990384615385 62.790464743589745 62.600160256410255
101 49.06850961538461 48.78405448717949 62.760416666666664 62.33974358974359
102 48.80809294871795 48.986378205128204 63.25120192307692 62.46995192307692
103 49.04246794871795 49.17067307692308 62.580128205128204 62.32972756410256
104 48.94030448717949 48.91826923076923 64.3329326923077 63.43149038461539
105 49.09855769230769 48.904246794871796 63.43149038461539 63.47155448717949
106 49.114583333333336 48.79407051282051 64.03245192307692 61.608573717948715
107 48.91826923076923 48.9443108974359 63.30128205128205 62.47996794871795
108 49.09254807692308 48.74399038461539 64.0224358974359 61.25801282051282
109 49.138621794871796 49.17668269230769 63.361378205128204 62.13942307692308
110 49.48717948717949 49.24278846153846 63.591746794871796 62.91065705128205
111 49.48116987179487 49.07652243589744 64.25280448717949 63.541666666666664
112 49.352964743589745 49.08653846153846 62.40985576923077 62.82051282051282
113 49.4150641025641 49.36097756410256 63.391426282051285 60.5869391025641
114 49.47716346153846 49.69951923076923 64.5733173076923 63.07091346153846
115 49.38902243589744 49.61338141025641 64.07251602564102 64.17267628205128
116 49.48317307692308 49.53926282051282 64.19270833333333 63.90224358974359
117 49.52323717948718 49.28285256410256 62.52003205128205 62.31971153846154
118 49.98798076923077 49.75961538461539 63.752003205128204 62.77043269230769
119 49.54326923076923 49.43910256410256 64.61338141025641 62.72035256410256
120 49.607371794871796 49.57532051282051 64.04246794871794 63.19110576923077
121 49.7275641025641 49.81570512820513 64.20272435897436 63.381410256410255
122 49.99599358974359 49.62740384615385 64.90384615384616 63.05088141025641
123 49.79967948717949 50.1181891025641 64.46314102564102 63.34134615384615
124 50.03605769230769 49.817708333333336 64.94391025641026 63.752003205128204
125 50.23838141025641 50.100160256410255 63.91225961538461 64.43309294871794
126 50.20633012820513 49.57331730769231 64.35296474358974 63.08092948717949
127 49.89383012820513 49.95192307692308 64.26282051282051 64.21274038461539
128 50.04807692307692 49.85977564102564 64.7235576923077 64.48317307692308
129 50.30448717948718 50.16426282051282 64.75360576923077 63.541666666666664
130 50.364583333333336 50.21434294871795 64.1025641025641 64.15264423076923
131 50.50280448717949 50.37459935897436 64.28285256410257 64.3329326923077
132 50.47275641025641 50.1161858974359 65.38461538461539 64.09254807692308
133 50.310496794871796 50.3525641025641 65.48477564102564 63.42147435897436
134 50.59495192307692 50.25240384615385 64.93389423076923 64.93389423076923
135 50.39863782051282 50.358573717948715 65.73517628205128 64.75360576923077
136 50.45072115384615 50.57091346153846 64.74358974358974 64.54326923076923
137 50.260416666666664 50.48477564102564 65.28445512820512 64.8036858974359
138 50.55488782051282 50.56089743589744 64.90384615384616 64.5733173076923
139 50.77123397435897 50.65905448717949 65.38461538461539 64.52323717948718
140 50.58092948717949 50.49679487179487 65.30448717948718 64.24278846153847
141 50.97155448717949 50.76522435897436 66.12580128205128 64.70352564102564
142 51.00360576923077 50.79527243589744 65.05408653846153 64.59334935897436
143 50.56690705128205 50.43870192307692 64.8838141025641 64.68349358974359
144 51.10176282051282 50.76923076923077 63.571714743589745 63.87219551282051
145 50.677083333333336 50.75320512820513 64.5332532051282 65.02403846153847
146 51.25 51.03365384615385 64.73357371794872 64.82371794871794
147 51.149839743589745 50.86338141025641 65.17427884615384 64.75360576923077
148 51.15785256410256 51.10176282051282 65.84535256410257 64.79366987179488
149 51.00961538461539 51.18189102564103 65.6650641025641 65.00400641025641
150 51.46634615384615 51.44030448717949 64.1826923076923 65.1542467948718
151 51.16386217948718 51.115785256410255 65.2744391025641 64.71354166666667
152 51.27003205128205 51.08573717948718 65.1141826923077 65.24439102564102
153 51.4463141025641 51.16386217948718 65.85536858974359 64.90384615384616
154 51.31410256410256 51.62459935897436 65.61498397435898 64.20272435897436
155 51.438301282051285 51.28004807692308 65.57491987179488 65.43469551282051
156 51.41826923076923 51.36418269230769 66.37620192307692 65.09415064102564
157 51.31009615384615 51.24399038461539 65.59495192307692 65.18429487179488
158 51.23597756410256 51.57451923076923 65.43469551282051 64.87379807692308
159 51.37219551282051 51.482371794871796 66.73677884615384 65.17427884615384
160 51.872996794871796 51.81690705128205 65.99559294871794 65.48477564102564
161 51.65865384615385 51.4463141025641 66.43629807692308 65.80528846153847
162 51.80088141025641 51.50240384615385 65.92548076923077 65.72516025641026
163 51.49639423076923 51.53245192307692 65.8954326923077 64.9238782051282
164 51.77884615384615 51.91706730769231 65.44471153846153 65.13421474358974
165 51.77684294871795 51.67668269230769 66.25600961538461 65.2744391025641
166 51.80889423076923 51.88100961538461 66.10576923076923 65.9755608974359
167 51.92307692307692 51.88902243589744 66.53645833333333 65.41466346153847
168 52.17748397435897 52.19751602564103 65.98557692307692 65.38461538461539
169 52.08133012820513 51.90504807692308 66.42628205128206 65.49479166666667
170 52.3838141025641 51.953125 65.92548076923077 65.48477564102564
171 51.94511217948718 51.94911858974359 66.26602564102564 65.49479166666667
172 52.32572115384615 52.15745192307692 66.76682692307692 65.53485576923077
173 52.189503205128204 51.92508012820513 66.0957532051282 65.5448717948718
174 52.20552884615385 52.12540064102564 65.99559294871794 66.17588141025641
175 52.31971153846154 51.897035256410255 66.7167467948718 65.52483974358974
176 52.39182692307692 52.37179487179487 66.84695512820512 65.18429487179488
177 52.20352564102564 52.1494391025641 66.08573717948718 65.9354967948718
178 52.38782051282051 52.419871794871796 66.39623397435898 65.52483974358974
179 52.467948717948715 52.27764423076923 66.18589743589743 66.02564102564102
180 52.68429487179487 52.51802884615385 66.39623397435898 65.9755608974359
181 52.57411858974359 52.5380608974359 66.26602564102564 65.51482371794872
182 52.70032051282051 52.58814102564103 66.81690705128206 65.96554487179488
183 52.62820512820513 52.94070512820513 66.72676282051282 66.0556891025641
184 52.4619391025641 52.6943108974359 66.56650641025641 65.67508012820512
185 52.55809294871795 52.734375 66.85697115384616 66.21594551282051
186 52.83052884615385 52.682291666666664 66.51642628205128 66.38621794871794
187 52.44591346153846 52.90064102564103 66.85697115384616 66.43629807692308
188 53.14102564102564 52.75440705128205 66.53645833333333 66.3661858974359
189 52.54206730769231 52.9306891025641 66.89703525641026 66.12580128205128
190 53.16706730769231 52.82451923076923 66.45633012820512 65.94551282051282
191 52.76842948717949 52.634214743589745 66.51642628205128 66.31610576923077
192 52.52003205128205 52.8525641025641 67.00721153846153 65.91546474358974
193 53.14302884615385 53.16706730769231 66.53645833333333 66.38621794871794
194 52.97275641025641 53.19511217948718 67.01722756410257 66.04567307692308
195 52.84655448717949 52.79246794871795 66.86698717948718 66.37620192307692
196 52.780448717948715 52.80849358974359 66.85697115384616 66.29607371794872
197 53.046875 53.13100961538461 66.78685897435898 66.25600961538461
198 52.89863782051282 53.24519230769231 66.80689102564102 66.3661858974359
199 53.05088141025641 53.15304487179487 66.94711538461539 66.2860576923077
